# Created by Octave 6.4.0, Tue Jan 18 17:50:54 2022 GMT <unknown@AHTA1-TANELIR-L>
# name: data_3
# type: matrix
# rows: 11
# columns: 2
 10 7.46
 8 6.7699999999999996
 13 12.74
 9 7.1100000000000003
 11 7.8099999999999996
 14 8.8399999999999999
 6 6.0800000000000001
 4 5.3899999999999997
 12 8.1500000000000004
 7 6.4199999999999999
 5 5.7300000000000004


