# Created by Octave 6.4.0, Tue Jan 18 17:50:43 2022 GMT <unknown@AHTA1-TANELIR-L>
# name: data_1
# type: matrix
# rows: 11
# columns: 2
 10 8.0399999999999991
 8 6.9500000000000002
 13 7.5800000000000001
 9 8.8100000000000005
 11 8.3300000000000001
 14 9.9600000000000009
 6 7.2400000000000002
 4 4.2599999999999998
 12 10.84
 7 4.8200000000000003
 5 5.6799999999999997


