# Created by Octave 6.4.0, Tue Jan 18 17:50:50 2022 GMT <unknown@AHTA1-TANELIR-L>
# name: data_2
# type: matrix
# rows: 11
# columns: 2
 10 9.1400000000000006
 8 8.1400000000000006
 13 8.7400000000000002
 9 8.7699999999999996
 11 9.2599999999999998
 14 8.0999999999999996
 6 6.1299999999999999
 4 3.1000000000000001
 12 9.1300000000000008
 7 7.2599999999999998
 5 4.7400000000000002


