# Created by Octave 6.4.0, Tue Jan 18 17:52:24 2022 GMT <unknown@AHTA1-TANELIR-L>
# name: data_whole
# type: matrix
# rows: 11
# columns: 8
 10 10 10 8 8.0399999999999991 9.1400000000000006 7.46 6.5800000000000001
 8 8 8 8 6.9500000000000002 8.1400000000000006 6.7699999999999996 5.7599999999999998
 13 13 13 8 7.5800000000000001 8.7400000000000002 12.74 7.71
 9 9 9 8 8.8100000000000005 8.7699999999999996 7.1100000000000003 8.8399999999999999
 11 11 11 8 8.3300000000000001 9.2599999999999998 7.8099999999999996 8.4700000000000006
 14 14 14 8 9.9600000000000009 8.0999999999999996 8.8399999999999999 7.04
 6 6 6 8 7.2400000000000002 6.1299999999999999 6.0800000000000001 5.25
 4 4 4 19 4.2599999999999998 3.1000000000000001 5.3899999999999997 12.5
 12 12 12 8 10.84 9.1300000000000008 8.1500000000000004 5.5599999999999996
 7 7 7 8 4.8200000000000003 7.2599999999999998 6.4199999999999999 7.9100000000000001
 5 5 5 8 5.6799999999999997 4.7400000000000002 5.7300000000000004 6.8899999999999997


