# Created by Octave 6.4.0, Tue Jan 18 17:50:57 2022 GMT <unknown@AHTA1-TANELIR-L>
# name: data_4
# type: matrix
# rows: 11
# columns: 2
 8 6.5800000000000001
 8 5.7599999999999998
 8 7.71
 8 8.8399999999999999
 8 8.4700000000000006
 8 7.04
 8 5.25
 19 12.5
 8 5.5599999999999996
 8 7.9100000000000001
 8 6.8899999999999997


